% subj011
datInfoS11.name          = 'sub011';
datInfoS11.event256      = 'left_nonsym';  
datInfoS11.event4096     = 'right_sym'; 
datInfoS11.edgelenval    = 1;
datInfoS11.fid           = [-7.01624        1.39483e-06     -7.51602e-07;...
                            -3.38468e-07    9.2531          -4.70574e-07;...
                            7.50699         -5.87924e-07	-7.81739e-07]; %[LPA; Nz; LRA]
datInfoS11.bad_epochs    = [40,61,70,92,98,99,106,131,132,133,136,139,145,146,147,172,178,184,...
                            185,195,198,210,211,212,223,224,236,237,238,260,261,273,274,279,283,...
                            284,291,292,302,337,386,387,400,401,402,403,484,485,507,519,526,553,...
                            554,592,593,600,601,605,609,611,619,621,626,628,629,662,663,668,678,...
                            679,681,682,685,703,707,717,722,726,753,763,764,781,793,796,806,826,...
                            842,853,863,864,868];
